tdim=1:1.4040872997611586e-07
tdim=2:2.2767585505789611e-07
tdim=3:8.02132149146928e-07
