tdim=3:0.005837754346430302 
tdim=4:0.005033122841268778 
tdim=5:0.0622725673019886 
