tdim=1:3.7456302948157827e-07 
tdim=2:4.07963426596325e-07 
tdim=3:1.2826674264942994e-06 
